[gd_scene load_steps=7 format=3 uid="uid://b0aa6ge3qhlg"]

[ext_resource type="Material" uid="uid://cmnlg4ugunrmg" path="res://assets/Eyeball.tres" id="1_0dlc1"]
[ext_resource type="Script" uid="uid://c3lw5xf5hhto" path="res://script/navigation_npc.gd" id="1_15u6n"]
[ext_resource type="AudioStream" uid="uid://cie1gwl5oqhit" path="res://assets/male-death-scream-horror-352706.mp3" id="2_15u6n"]

[sub_resource type="CapsuleMesh" id="CapsuleMesh_41o6j"]

[sub_resource type="StandardMaterial3D" id="StandardMaterial3D_woyam"]
billboard_keep_scale = true

[sub_resource type="CapsuleShape3D" id="CapsuleShape3D_78asu"]

[node name="NavigationNPC" type="CharacterBody3D"]
script = ExtResource("1_15u6n")

[node name="Scary3" type="CSGMesh3D" parent="."]
mesh = SubResource("CapsuleMesh_41o6j")
material = SubResource("StandardMaterial3D_woyam")

[node name="CSGSphere3D2" type="CSGSphere3D" parent="Scary3"]
transform = Transform3D(-0.998462, 0, 0.0554382, 0, 1, 0, -0.0554382, 0, -0.998462, 0.153252, 0.429446, -0.434041)
radius = 0.100533
material = ExtResource("1_0dlc1")

[node name="CSGSphere3D" type="CSGSphere3D" parent="Scary3"]
transform = Transform3D(-0.998462, 0, 0.0554382, 0, 1, 0, -0.0554382, 0, -0.998462, -0.209222, 0.426759, -0.446365)
radius = 0.100533
material = ExtResource("1_0dlc1")

[node name="AudioStreamPlayer3D" type="AudioStreamPlayer3D" parent="."]
stream = ExtResource("2_15u6n")

[node name="NavigationAgent3D" type="NavigationAgent3D" parent="."]

[node name="AudioStreamPlayer3D2" type="AudioStreamPlayer3D" parent="."]
stream = ExtResource("2_15u6n")

[node name="Area3D" type="Area3D" parent="."]
transform = Transform3D(0.998462, 0, -0.0554381, 0, 1, 0, 0.0554381, 0, 0.998462, 0, 0.0858154, 0)

[node name="CollisionShape3D" type="CollisionShape3D" parent="Area3D"]
transform = Transform3D(1.07335, 0, -0.059596, 0, 1.075, 0, 0.059596, 0, 1.07335, 0, 0.0858154, 0)
shape = SubResource("CapsuleShape3D_78asu")

[node name="CollisionShape3D" type="CollisionShape3D" parent="."]
transform = Transform3D(0.998462, 0, -0.0554381, 0, 1, 0, 0.0554381, 0, 0.998462, 0, 0.0858154, 0)
shape = SubResource("CapsuleShape3D_78asu")

[connection signal="body_entered" from="Area3D" to="." method="_on_area_3d_body_entered"]
